map_config:
  latitude: 52.40175
  longitude: 16.95182
  elevation: 0.0
  roll: 0.0
  pitch: 0.0
  yaw: 0.0
