map_config:
  latitude: 52.40190
  longitude: 16.95185
  elevation: 0.0
  roll: 0.0
  pitch: 0.0
  yaw: 0.0
